10
100
3 2
4 15
5 44
6 42
7 53
8 14
9 58
10 45
11 55
12 55
13 17
14 58
15 54
16 26
17 29
18 10
19 37
20 39
21 11
22 0
23 1
24 48
25 19
26 23
27 39
28 9
29 14
30 10
31 22
32 32
33 50
34 11
35 47
36 58
37 12
38 44
39 13
40 46
41 32
42 21
43 26
44 55
45 11
46 58
47 49
48 18
49 31
50 48
51 2
52 11
53 5
54 53
55 43
56 14
57 4
58 21
59 30
60 48
61 15
62 16
63 23
64 12
65 59
66 5
67 1
68 3
69 34
70 49
71 53
72 28
73 20
74 38
75 46
76 6
77 28
78 7
79 49
80 7
81 37
82 57
83 37
84 4
85 16
86 22
87 40
88 11
89 1
90 46
91 44
92 37
93 9
94 8
95 12
96 0
97 49
98 53
99 27
100 12