10
100
3 27
4 32
5 31
6 21
7 31
8 17
9 30
10 59
11 24
12 58
13 56
14 56
15 52
16 12
17 51
18 37
19 19
20 15
21 53
22 26
23 56
24 15
25 47
26 40
27 8
28 26
29 58
30 17
31 35
32 11
33 19
34 7
35 20
36 9
37 40
38 30
39 55
40 24
41 9
42 42
43 41
44 54
45 46
46 8
47 55
48 26
49 50
50 49
51 55
52 28
53 17
54 42
55 23
56 1
57 19
58 51
59 18
60 28
61 44
62 11
63 46
64 54
65 24
66 1
67 16
68 19
69 28
70 1
71 35
72 59
73 35
74 22
75 47
76 24
77 44
78 5
79 26
80 17
81 13
82 31
83 33
84 28
85 37
86 19
87 9
88 56
89 16
90 14
91 58
92 43
93 47
94 32
95 12
96 48
97 43
98 44
99 1
100 49