10
100
3 36
4 44
5 2
6 8
7 8
8 57
9 6
10 16
11 50
12 7
13 1
14 27
15 4
16 16
17 4
18 46
19 22
20 7
21 40
22 13
23 14
24 24
25 5
26 39
27 2
28 46
29 5
30 41
31 56
32 23
33 12
34 36
35 33
36 55
37 24
38 0
39 54
40 34
41 4
42 16
43 15
44 55
45 29
46 55
47 23
48 20
49 4
50 48
51 57
52 36
53 29
54 27
55 17
56 57
57 26
58 25
59 54
60 23
61 45
62 26
63 36
64 41
65 59
66 58
67 55
68 51
69 16
70 41
71 46
72 44
73 16
74 32
75 10
76 18
77 41
78 10
79 20
80 56
81 28
82 35
83 14
84 20
85 6
86 9
87 55
88 8
89 15
90 20
91 9
92 0
93 34
94 56
95 15
96 33
97 20
98 7
99 5
100 16