10
100
3 50
4 58
5 38
6 9
7 52
8 25
9 16
10 19
11 4
12 44
13 8
14 19
15 13
16 0
17 59
18 6
19 36
20 51
21 37
22 1
23 40
24 36
25 24
26 23
27 52
28 42
29 34
30 39
31 58
32 16
33 51
34 19
35 54
36 5
37 9
38 11
39 28
40 40
41 47
42 30
43 3
44 4
45 53
46 52
47 13
48 23
49 30
50 52
51 12
52 33
53 24
54 5
55 19
56 16
57 37
58 49
59 47
60 18
61 26
62 29
63 58
64 35
65 1
66 16
67 2
68 6
69 48
70 18
71 48
72 7
73 42
74 40
75 27
76 7
77 55
78 59
79 51
80 35
81 11
82 59
83 50
84 18
85 52
86 35
87 57
88 35
89 19
90 35
91 42
92 48
93 10
94 50
95 15
96 50
97 5
98 21
99 51
100 17