10
100
3 38
4 56
5 56
6 34
7 47
8 58
9 13
10 9
11 55
12 59
13 50
14 6
15 12
16 27
17 28
18 21
19 16
20 6
21 48
22 16
23 59
24 31
25 24
26 12
27 57
28 14
29 57
30 45
31 45
32 39
33 29
34 37
35 12
36 53
37 41
38 57
39 15
40 47
41 31
42 54
43 23
44 54
45 21
46 26
47 31
48 36
49 38
50 50
51 25
52 45
53 54
54 58
55 36
56 57
57 46
58 37
59 18
60 2
61 18
62 31
63 37
64 52
65 23
66 12
67 26
68 50
69 53
70 38
71 57
72 27
73 13
74 36
75 29
76 11
77 37
78 39
79 53
80 5
81 53
82 57
83 26
84 54
85 7
86 32
87 51
88 24
89 50
90 57
91 23
92 49
93 31
94 11
95 17
96 22
97 56
98 40
99 49
100 20