10
100
3 43
4 58
5 13
6 20
7 21
8 55
9 45
10 41
11 32
12 54
13 42
14 37
15 48
16 11
17 26
18 54
19 44
20 8
21 54
22 37
23 43
24 0
25 17
26 50
27 57
28 20
29 39
30 9
31 9
32 45
33 31
34 24
35 36
36 53
37 47
38 37
39 54
40 3
41 58
42 55
43 5
44 42
45 55
46 24
47 13
48 46
49 11
50 12
51 24
52 51
53 25
54 18
55 19
56 34
57 26
58 17
59 2
60 2
61 5
62 47
63 38
64 4
65 3
66 38
67 20
68 24
69 53
70 11
71 27
72 57
73 18
74 40
75 38
76 2
77 37
78 33
79 12
80 43
81 28
82 32
83 29
84 47
85 50
86 47
87 2
88 8
89 11
90 31
91 54
92 42
93 54
94 54
95 24
96 24
97 54
98 36
99 40
100 10