10
100
3 38
4 56
5 19
6 10
7 42
8 48
9 12
10 49
11 32
12 43
13 32
14 11
15 45
16 55
17 22
18 49
19 17
20 49
21 51
22 43
23 26
24 35
25 41
26 47
27 27
28 42
29 45
30 56
31 45
32 52
33 17
34 38
35 11
36 27
37 57
38 1
39 35
40 20
41 54
42 48
43 2
44 28
45 36
46 1
47 21
48 25
49 50
50 55
51 11
52 16
53 58
54 19
55 6
56 23
57 34
58 3
59 14
60 34
61 29
62 28
63 17
64 40
65 27
66 44
67 58
68 24
69 40
70 58
71 57
72 13
73 10
74 30
75 51
76 36
77 30
78 5
79 3
80 56
81 12
82 49
83 16
84 5
85 19
86 17
87 31
88 54
89 42
90 49
91 37
92 24
93 2
94 9
95 3
96 28
97 10
98 44
99 38
100 52