10
100
3 54
4 19
5 53
6 8
7 22
8 50
9 53
10 44
11 46
12 50
13 53
14 43
15 46
16 17
17 57
18 52
19 36
20 3
21 48
22 46
23 35
24 18
25 37
26 49
27 53
28 1
29 37
30 37
31 8
32 53
33 53
34 19
35 10
36 9
37 3
38 49
39 26
40 12
41 45
42 37
43 40
44 21
45 39
46 6
47 44
48 19
49 27
50 55
51 28
52 19
53 20
54 28
55 33
56 31
57 55
58 34
59 7
60 17
61 25
62 51
63 0
64 9
65 41
66 12
67 26
68 40
69 18
70 29
71 2
72 2
73 10
74 43
75 42
76 55
77 55
78 44
79 12
80 50
81 31
82 55
83 41
84 50
85 15
86 38
87 20
88 31
89 16
90 2
91 54
92 25
93 21
94 34
95 7
96 57
97 37
98 33
99 45
100 49