10
100
3 3
4 52
5 33
6 59
7 21
8 52
9 45
10 28
11 49
12 47
13 23
14 29
15 37
16 41
17 47
18 32
19 2
20 23
21 7
22 32
23 24
24 6
25 4
26 6
27 56
28 38
29 51
30 40
31 37
32 25
33 49
34 21
35 10
36 19
37 11
38 54
39 29
40 35
41 24
42 44
43 12
44 44
45 29
46 40
47 8
48 43
49 14
50 21
51 23
52 38
53 47
54 8
55 47
56 34
57 54
58 54
59 34
60 9
61 24
62 57
63 5
64 58
65 51
66 48
67 49
68 54
69 38
70 59
71 0
72 9
73 41
74 0
75 21
76 46
77 9
78 17
79 32
80 13
81 20
82 58
83 17
84 34
85 10
86 54
87 1
88 23
89 55
90 6
91 30
92 19
93 13
94 10
95 3
96 17
97 30
98 57
99 19
100 57