10
100
3 6
4 28
5 23
6 48
7 29
8 4
9 6
10 12
11 33
12 34
13 35
14 35
15 53
16 39
17 52
18 18
19 38
20 17
21 13
22 9
23 58
24 36
25 48
26 25
27 52
28 22
29 25
30 52
31 40
32 55
33 16
34 13
35 15
36 6
37 43
38 29
39 21
40 48
41 25
42 6
43 3
44 47
45 9
46 2
47 1
48 42
49 49
50 36
51 28
52 44
53 42
54 7
55 26
56 10
57 9
58 20
59 7
60 35
61 49
62 23
63 44
64 39
65 12
66 25
67 55
68 24
69 27
70 14
71 49
72 49
73 17
74 26
75 48
76 4
77 48
78 10
79 14
80 0
81 0
82 20
83 59
84 44
85 26
86 23
87 55
88 44
89 25
90 10
91 47
92 53
93 3
94 8
95 34
96 8
97 46
98 39
99 13
100 20