15
225
3 13
4 40
5 51
6 21
7 23
8 16
9 8
10 9
11 30
12 20
13 42
14 43
15 5
16 18
17 11
18 49
19 55
20 32
21 30
22 5
23 3
24 16
25 32
26 47
27 9
28 5
29 35
30 11
31 16
32 2
33 32
34 39
35 7
36 37
37 16
38 22
39 26
40 17
41 19
42 49
43 43
44 53
45 14
46 25
47 1
48 8
49 40
50 8
51 41
52 41
53 27
54 25
55 36
56 23
57 57
58 53
59 49
60 35
61 30
62 19
63 49
64 43
65 57
66 12
67 29
68 3
69 19
70 57
71 11
72 31
73 20
74 23
75 14
76 55
77 33
78 29
79 8
80 44
81 42
82 9
83 17
84 40
85 42
86 12
87 10
88 21
89 49
90 0
91 52
92 23
93 15
94 55
95 36
96 39
97 26
98 14
99 56
100 37
101 22
102 42
103 11
104 54
105 45
106 31
107 45
108 55
109 4
110 31
111 11
112 49
113 27
114 5
115 47
116 42
117 57
118 51
119 17
120 14
121 1
122 47
123 2
124 59
125 57
126 24
127 12
128 15
129 24
130 42
131 11
132 55
133 47
134 55
135 6
136 26
137 15
138 14
139 19
140 40
141 31
142 40
143 42
144 57
145 26
146 36
147 48
148 10
149 53
150 13
151 41
152 38
153 3
154 57
155 51
156 58
157 9
158 18
159 34
160 11
161 29
162 34
163 42
164 34
165 6
166 3
167 36
168 10
169 3
170 38
171 54
172 34
173 14
174 23
175 29
176 10
177 55
178 47
179 56
180 20
181 46
182 30
183 38
184 0
185 33
186 16
187 44
188 29
189 43
190 44
191 35
192 3
193 3
194 23
195 38
196 9
197 5
198 8
199 45
200 27
201 44
202 16
203 54
204 6
205 16
206 5
207 27
208 29
209 42
210 24
211 49
212 5
213 55
214 44
215 16
216 13
217 42
218 27
219 33
220 47
221 30
222 35
223 1
224 46
225 37