15
225
3 18
4 15
5 57
6 54
7 35
8 3
9 21
10 1
11 44
12 39
13 22
14 17
15 8
16 17
17 2
18 58
19 2
20 52
21 49
22 23
23 44
24 33
25 32
26 42
27 19
28 10
29 34
30 47
31 10
32 0
33 31
34 42
35 9
36 30
37 56
38 44
39 5
40 38
41 20
42 46
43 59
44 43
45 15
46 52
47 15
48 53
49 36
50 49
51 9
52 20
53 48
54 48
55 27
56 50
57 46
58 52
59 52
60 53
61 49
62 6
63 48
64 8
65 23
66 39
67 20
68 25
69 56
70 57
71 2
72 46
73 10
74 23
75 16
76 10
77 53
78 4
79 46
80 5
81 38
82 46
83 13
84 16
85 22
86 35
87 50
88 50
89 41
90 33
91 9
92 12
93 16
94 48
95 44
96 56
97 36
98 4
99 19
100 14
101 37
102 59
103 58
104 24
105 23
106 4
107 25
108 2
109 45
110 46
111 8
112 38
113 28
114 4
115 40
116 11
117 58
118 29
119 7
120 7
121 24
122 13
123 36
124 43
125 58
126 14
127 22
128 49
129 7
130 29
131 15
132 0
133 25
134 2
135 20
136 59
137 27
138 11
139 44
140 5
141 54
142 5
143 34
144 27
145 57
146 9
147 45
148 33
149 13
150 49
151 28
152 58
153 13
154 35
155 3
156 14
157 43
158 55
159 29
160 34
161 28
162 58
163 35
164 38
165 55
166 4
167 21
168 16
169 22
170 46
171 12
172 58
173 44
174 25
175 24
176 10
177 15
178 27
179 33
180 17
181 46
182 3
183 25
184 13
185 51
186 41
187 45
188 49
189 52
190 0
191 6
192 7
193 39
194 31
195 26
196 14
197 12
198 11
199 32
200 18
201 51
202 59
203 57
204 4
205 40
206 55
207 41
208 19
209 52
210 55
211 42
212 29
213 25
214 0
215 44
216 0
217 53
218 53
219 54
220 12
221 56
222 43
223 1
224 54
225 28