15
225
3 5
4 16
5 41
6 28
7 21
8 31
9 55
10 42
11 37
12 41
13 26
14 23
15 59
16 34
17 15
18 46
19 57
20 24
21 10
22 20
23 59
24 48
25 2
26 15
27 3
28 43
29 59
30 40
31 22
32 18
33 58
34 48
35 50
36 0
37 23
38 16
39 26
40 8
41 16
42 32
43 23
44 22
45 26
46 12
47 5
48 7
49 27
50 31
51 29
52 41
53 35
54 37
55 19
56 50
57 31
58 57
59 46
60 42
61 43
62 16
63 9
64 40
65 32
66 4
67 34
68 44
69 55
70 53
71 38
72 43
73 37
74 37
75 44
76 4
77 16
78 5
79 34
80 11
81 3
82 11
83 46
84 13
85 11
86 43
87 34
88 31
89 42
90 46
91 24
92 36
93 28
94 54
95 29
96 42
97 36
98 57
99 48
100 9
101 40
102 52
103 22
104 2
105 2
106 49
107 46
108 27
109 17
110 32
111 17
112 13
113 20
114 27
115 28
116 36
117 42
118 45
119 21
120 35
121 18
122 37
123 43
124 42
125 33
126 0
127 20
128 20
129 26
130 48
131 6
132 55
133 58
134 17
135 12
136 20
137 23
138 51
139 44
140 57
141 43
142 30
143 26
144 53
145 33
146 38
147 34
148 10
149 8
150 58
151 19
152 42
153 23
154 35
155 28
156 0
157 14
158 43
159 9
160 15
161 48
162 9
163 35
164 53
165 58
166 13
167 27
168 34
169 3
170 39
171 57
172 12
173 12
174 52
175 6
176 59
177 8
178 37
179 58
180 18
181 13
182 56
183 8
184 32
185 39
186 43
187 59
188 54
189 7
190 20
191 57
192 34
193 44
194 19
195 10
196 25
197 42
198 26
199 52
200 30
201 38
202 34
203 27
204 54
205 3
206 12
207 16
208 20
209 42
210 59
211 10
212 9
213 34
214 14
215 25
216 6
217 40
218 55
219 55
220 36
221 29
222 9
223 10
224 9
225 50