15
225
3 30
4 54
5 3
6 4
7 1
8 11
9 15
10 49
11 13
12 2
13 31
14 54
15 37
16 57
17 12
18 55
19 16
20 57
21 21
22 2
23 22
24 11
25 10
26 41
27 54
28 22
29 35
30 9
31 16
32 23
33 27
34 36
35 44
36 1
37 48
38 3
39 54
40 23
41 48
42 4
43 37
44 35
45 55
46 0
47 22
48 24
49 56
50 24
51 38
52 4
53 10
54 42
55 1
56 32
57 59
58 3
59 18
60 14
61 48
62 9
63 40
64 34
65 12
66 7
67 47
68 53
69 43
70 25
71 47
72 22
73 3
74 14
75 19
76 2
77 34
78 48
79 26
80 44
81 44
82 51
83 35
84 14
85 52
86 42
87 2
88 23
89 45
90 3
91 42
92 38
93 30
94 50
95 16
96 36
97 7
98 42
99 35
100 50
101 20
102 48
103 58
104 6
105 9
106 28
107 6
108 47
109 56
110 38
111 28
112 24
113 27
114 2
115 34
116 7
117 53
118 41
119 39
120 44
121 56
122 29
123 18
124 42
125 1
126 15
127 45
128 4
129 31
130 11
131 55
132 4
133 11
134 56
135 42
136 24
137 17
138 23
139 47
140 7
141 53
142 14
143 16
144 37
145 53
146 7
147 13
148 43
149 39
150 35
151 32
152 46
153 19
154 37
155 58
156 34
157 17
158 24
159 2
160 2
161 21
162 59
163 8
164 35
165 52
166 57
167 40
168 19
169 44
170 41
171 30
172 48
173 29
174 1
175 26
176 22
177 51
178 16
179 49
180 38
181 36
182 37
183 19
184 46
185 14
186 58
187 53
188 6
189 22
190 18
191 11
192 8
193 20
194 15
195 50
196 23
197 51
198 16
199 43
200 45
201 34
202 31
203 31
204 40
205 57
206 55
207 43
208 33
209 29
210 14
211 25
212 9
213 14
214 34
215 38
216 59
217 3
218 10
219 32
220 26
221 41
222 24
223 48
224 48
225 41