15
225
3 15
4 8
5 43
6 57
7 27
8 36
9 15
10 43
11 36
12 7
13 35
14 9
15 51
16 31
17 34
18 48
19 31
20 54
21 8
22 52
23 24
24 46
25 33
26 21
27 27
28 58
29 31
30 0
31 10
32 27
33 8
34 6
35 43
36 4
37 33
38 57
39 20
40 36
41 18
42 57
43 1
44 3
45 48
46 47
47 33
48 56
49 25
50 26
51 40
52 22
53 0
54 10
55 42
56 29
57 0
58 6
59 58
60 57
61 27
62 54
63 46
64 50
65 44
66 14
67 10
68 22
69 29
70 2
71 56
72 52
73 51
74 58
75 22
76 9
77 8
78 14
79 23
80 38
81 15
82 24
83 41
84 34
85 56
86 58
87 57
88 26
89 39
90 20
91 10
92 55
93 55
94 18
95 3
96 0
97 48
98 15
99 31
100 37
101 58
102 14
103 30
104 47
105 45
106 41
107 30
108 2
109 2
110 45
111 17
112 17
113 56
114 41
115 50
116 45
117 55
118 7
119 48
120 49
121 42
122 2
123 30
124 23
125 20
126 21
127 14
128 36
129 46
130 8
131 21
132 34
133 36
134 5
135 15
136 35
137 30
138 31
139 44
140 13
141 26
142 0
143 38
144 28
145 31
146 4
147 8
148 56
149 6
150 54
151 4
152 30
153 25
154 7
155 36
156 38
157 28
158 26
159 22
160 52
161 44
162 19
163 18
164 23
165 44
166 45
167 55
168 14
169 51
170 38
171 34
172 26
173 32
174 5
175 51
176 45
177 41
178 8
179 5
180 42
181 35
182 43
183 24
184 17
185 35
186 57
187 23
188 50
189 46
190 2
191 44
192 18
193 51
194 0
195 57
196 39
197 1
198 32
199 4
200 54
201 55
202 0
203 3
204 10
205 9
206 54
207 59
208 51
209 2
210 14
211 54
212 4
213 36
214 1
215 1
216 38
217 53
218 4
219 15
220 3
221 55
222 37
223 20
224 32
225 50