15
225
3 13
4 37
5 35
6 23
7 46
8 1
9 29
10 57
11 59
12 59
13 4
14 44
15 27
16 23
17 45
18 33
19 55
20 47
21 56
22 17
23 57
24 30
25 25
26 55
27 18
28 4
29 24
30 29
31 11
32 57
33 8
34 43
35 47
36 12
37 21
38 2
39 33
40 4
41 4
42 44
43 37
44 42
45 12
46 57
47 34
48 18
49 36
50 28
51 4
52 0
53 9
54 4
55 19
56 24
57 9
58 49
59 28
60 18
61 1
62 35
63 51
64 43
65 43
66 0
67 7
68 9
69 37
70 27
71 38
72 6
73 19
74 41
75 45
76 52
77 23
78 41
79 1
80 17
81 16
82 33
83 31
84 2
85 16
86 43
87 10
88 30
89 44
90 58
91 47
92 16
93 23
94 29
95 54
96 27
97 5
98 22
99 12
100 44
101 14
102 5
103 28
104 14
105 18
106 20
107 52
108 9
109 49
110 43
111 24
112 35
113 49
114 13
115 58
116 51
117 40
118 13
119 11
120 29
121 28
122 11
123 6
124 36
125 1
126 27
127 51
128 29
129 23
130 5
131 34
132 44
133 52
134 12
135 49
136 24
137 21
138 49
139 36
140 13
141 57
142 19
143 44
144 41
145 43
146 12
147 44
148 0
149 10
150 22
151 58
152 24
153 51
154 44
155 25
156 25
157 39
158 10
159 39
160 28
161 46
162 45
163 13
164 23
165 8
166 52
167 54
168 53
169 44
170 11
171 58
172 20
173 3
174 21
175 33
176 55
177 26
178 21
179 6
180 22
181 12
182 7
183 50
184 28
185 55
186 41
187 52
188 27
189 18
190 5
191 58
192 37
193 25
194 5
195 9
196 56
197 45
198 2
199 11
200 53
201 23
202 43
203 23
204 34
205 7
206 42
207 7
208 7
209 54
210 37
211 2
212 15
213 9
214 43
215 48
216 13
217 53
218 22
219 59
220 34
221 45
222 49
223 55
224 59
225 39