15
225
3 53
4 30
5 18
6 12
7 53
8 55
9 2
10 25
11 43
12 41
13 5
14 16
15 41
16 33
17 27
18 43
19 56
20 47
21 7
22 47
23 4
24 49
25 2
26 1
27 0
28 51
29 37
30 17
31 53
32 1
33 47
34 58
35 33
36 8
37 25
38 46
39 56
40 14
41 8
42 36
43 20
44 28
45 41
46 56
47 34
48 10
49 48
50 4
51 21
52 52
53 30
54 58
55 3
56 52
57 48
58 33
59 18
60 54
61 17
62 16
63 15
64 37
65 53
66 53
67 12
68 1
69 53
70 7
71 29
72 59
73 23
74 57
75 5
76 14
77 35
78 32
79 58
80 17
81 40
82 11
83 32
84 38
85 36
86 9
87 26
88 50
89 6
90 16
91 56
92 44
93 22
94 1
95 12
96 21
97 8
98 1
99 21
100 5
101 55
102 31
103 50
104 8
105 13
106 55
107 8
108 7
109 55
110 23
111 7
112 19
113 39
114 53
115 34
116 37
117 38
118 6
119 27
120 59
121 45
122 34
123 57
124 6
125 3
126 21
127 58
128 2
129 56
130 29
131 13
132 59
133 42
134 54
135 17
136 42
137 1
138 35
139 44
140 36
141 51
142 31
143 14
144 51
145 49
146 53
147 2
148 12
149 24
150 16
151 35
152 16
153 43
154 28
155 57
156 27
157 1
158 18
159 7
160 6
161 29
162 30
163 14
164 33
165 47
166 15
167 28
168 34
169 27
170 12
171 5
172 17
173 52
174 31
175 47
176 33
177 38
178 51
179 32
180 44
181 33
182 43
183 22
184 11
185 6
186 49
187 5
188 1
189 0
190 45
191 21
192 38
193 36
194 47
195 14
196 56
197 17
198 48
199 39
200 58
201 7
202 54
203 12
204 50
205 9
206 42
207 17
208 53
209 14
210 40
211 9
212 28
213 25
214 22
215 24
216 22
217 56
218 14
219 7
220 45
221 47
222 33
223 34
224 11
225 55