15
225
3 54
4 51
5 24
6 2
7 26
8 41
9 37
10 6
11 0
12 35
13 11
14 42
15 14
16 42
17 6
18 28
19 0
20 17
21 7
22 29
23 8
24 3
25 49
26 26
27 29
28 4
29 20
30 20
31 22
32 5
33 17
34 43
35 33
36 19
37 39
38 25
39 18
40 20
41 12
42 13
43 31
44 6
45 13
46 15
47 49
48 29
49 9
50 7
51 48
52 40
53 53
54 11
55 29
56 47
57 52
58 37
59 4
60 44
61 44
62 34
63 54
64 43
65 56
66 53
67 21
68 1
69 27
70 20
71 20
72 13
73 4
74 17
75 43
76 27
77 1
78 56
79 59
80 47
81 5
82 57
83 26
84 21
85 8
86 54
87 21
88 23
89 17
90 52
91 23
92 42
93 55
94 7
95 7
96 39
97 55
98 35
99 59
100 54
101 55
102 57
103 31
104 26
105 16
106 7
107 13
108 9
109 21
110 25
111 35
112 49
113 59
114 13
115 0
116 52
117 10
118 30
119 24
120 9
121 41
122 17
123 30
124 56
125 54
126 41
127 39
128 1
129 34
130 49
131 29
132 4
133 4
134 32
135 44
136 57
137 33
138 57
139 10
140 4
141 35
142 9
143 45
144 44
145 27
146 59
147 8
148 42
149 38
150 50
151 7
152 39
153 8
154 26
155 33
156 54
157 32
158 29
159 9
160 45
161 4
162 20
163 45
164 19
165 32
166 31
167 18
168 16
169 19
170 53
171 48
172 16
173 55
174 9
175 55
176 34
177 13
178 51
179 40
180 58
181 36
182 19
183 33
184 58
185 54
186 46
187 44
188 59
189 22
190 18
191 59
192 46
193 42
194 59
195 45
196 41
197 45
198 19
199 6
200 1
201 46
202 14
203 28
204 22
205 55
206 29
207 42
208 12
209 20
210 33
211 34
212 56
213 16
214 5
215 51
216 23
217 11
218 57
219 7
220 7
221 23
222 5
223 57
224 34
225 24