15
225
3 43
4 21
5 13
6 24
7 45
8 19
9 11
10 34
11 40
12 48
13 44
14 28
15 48
16 25
17 27
18 10
19 9
20 24
21 59
22 38
23 20
24 2
25 23
26 39
27 23
28 54
29 29
30 55
31 56
32 16
33 41
34 39
35 16
36 10
37 34
38 50
39 47
40 34
41 45
42 5
43 28
44 53
45 21
46 35
47 58
48 16
49 16
50 38
51 31
52 38
53 16
54 20
55 42
56 14
57 12
58 23
59 12
60 11
61 58
62 16
63 39
64 29
65 41
66 59
67 15
68 34
69 35
70 14
71 26
72 27
73 41
74 32
75 51
76 38
77 16
78 24
79 24
80 14
81 52
82 47
83 44
84 5
85 28
86 18
87 56
88 37
89 8
90 57
91 30
92 37
93 31
94 10
95 44
96 56
97 53
98 38
99 3
100 50
101 10
102 51
103 52
104 10
105 45
106 26
107 16
108 39
109 4
110 24
111 40
112 58
113 45
114 56
115 0
116 33
117 38
118 24
119 34
120 12
121 51
122 9
123 32
124 34
125 52
126 0
127 22
128 22
129 41
130 31
131 13
132 24
133 9
134 46
135 59
136 41
137 24
138 20
139 52
140 20
141 46
142 38
143 40
144 28
145 17
146 18
147 0
148 31
149 47
150 56
151 16
152 34
153 53
154 38
155 42
156 36
157 24
158 46
159 0
160 57
161 10
162 19
163 56
164 49
165 1
166 5
167 17
168 59
169 47
170 50
171 2
172 21
173 42
174 53
175 35
176 13
177 52
178 17
179 40
180 24
181 35
182 31
183 46
184 55
185 10
186 41
187 21
188 25
189 52
190 57
191 16
192 21
193 35
194 42
195 57
196 12
197 50
198 38
199 40
200 5
201 48
202 43
203 27
204 6
205 16
206 19
207 52
208 52
209 0
210 44
211 51
212 31
213 14
214 42
215 48
216 52
217 55
218 34
219 21
220 11
221 36
222 55
223 57
224 16
225 44