15
225
3 31
4 43
5 55
6 24
7 39
8 22
9 37
10 42
11 16
12 18
13 18
14 31
15 15
16 45
17 13
18 23
19 24
20 54
21 11
22 39
23 8
24 14
25 28
26 55
27 12
28 25
29 15
30 40
31 50
32 10
33 5
34 30
35 39
36 59
37 9
38 46
39 42
40 1
41 15
42 13
43 25
44 56
45 35
46 52
47 58
48 5
49 29
50 52
51 13
52 44
53 48
54 36
55 21
56 40
57 36
58 51
59 24
60 54
61 49
62 16
63 57
64 45
65 45
66 16
67 49
68 4
69 22
70 1
71 54
72 39
73 46
74 13
75 1
76 21
77 3
78 11
79 6
80 48
81 3
82 48
83 22
84 37
85 9
86 3
87 33
88 46
89 51
90 13
91 6
92 23
93 53
94 47
95 8
96 33
97 14
98 50
99 14
100 15
101 25
102 21
103 47
104 3
105 54
106 23
107 37
108 24
109 40
110 52
111 5
112 33
113 48
114 58
115 40
116 19
117 28
118 45
119 44
120 53
121 49
122 19
123 49
124 0
125 15
126 14
127 3
128 30
129 36
130 0
131 6
132 36
133 23
134 10
135 38
136 8
137 36
138 58
139 29
140 25
141 24
142 2
143 45
144 42
145 35
146 42
147 15
148 3
149 47
150 9
151 26
152 39
153 19
154 37
155 22
156 15
157 46
158 17
159 42
160 52
161 6
162 43
163 45
164 50
165 45
166 19
167 41
168 0
169 7
170 31
171 8
172 41
173 52
174 55
175 48
176 14
177 5
178 12
179 10
180 52
181 31
182 37
183 20
184 5
185 17
186 13
187 49
188 30
189 44
190 28
191 54
192 22
193 16
194 14
195 38
196 21
197 49
198 54
199 14
200 18
201 3
202 24
203 19
204 16
205 4
206 21
207 37
208 9
209 37
210 9
211 34
212 39
213 36
214 43
215 53
216 47
217 21
218 57
219 37
220 41
221 35
222 22
223 29
224 2
225 31