25
625
3 39
4 18
5 7
6 14
7 38
8 51
9 14
10 40
11 35
12 19
13 45
14 25
15 2
16 18
17 51
18 58
19 25
20 18
21 32
22 39
23 6
24 31
25 54
26 37
27 7
28 2
29 7
30 43
31 14
32 33
33 16
34 7
35 27
36 31
37 9
38 17
39 37
40 3
41 24
42 59
43 41
44 2
45 24
46 4
47 26
48 3
49 10
50 35
51 40
52 35
53 14
54 7
55 20
56 55
57 44
58 49
59 1
60 58
61 38
62 14
63 57
64 19
65 20
66 32
67 23
68 7
69 32
70 20
71 25
72 27
73 27
74 45
75 28
76 3
77 12
78 20
79 3
80 39
81 11
82 40
83 41
84 11
85 55
86 45
87 47
88 23
89 49
90 34
91 9
92 20
93 46
94 0
95 46
96 6
97 47
98 26
99 11
100 51
101 47
102 23
103 13
104 49
105 23
106 59
107 27
108 0
109 19
110 50
111 26
112 55
113 58
114 33
115 48
116 57
117 2
118 10
119 24
120 44
121 22
122 9
123 25
124 38
125 53
126 34
127 35
128 56
129 28
130 51
131 6
132 48
133 24
134 23
135 45
136 14
137 18
138 3
139 11
140 55
141 16
142 24
143 2
144 23
145 40
146 58
147 25
148 26
149 45
150 42
151 8
152 53
153 14
154 12
155 23
156 7
157 4
158 7
159 11
160 43
161 37
162 1
163 22
164 21
165 2
166 51
167 26
168 21
169 53
170 50
171 16
172 39
173 47
174 33
175 39
176 46
177 29
178 11
179 20
180 32
181 31
182 16
183 30
184 0
185 2
186 48
187 43
188 19
189 28
190 48
191 6
192 3
193 38
194 14
195 21
196 18
197 29
198 27
199 55
200 11
201 22
202 44
203 9
204 12
205 24
206 22
207 30
208 9
209 56
210 0
211 36
212 40
213 16
214 52
215 27
216 15
217 58
218 49
219 3
220 38
221 35
222 12
223 37
224 41
225 40
226 28
227 20
228 27
229 33
230 36
231 28
232 32
233 25
234 49
235 16
236 6
237 43
238 2
239 37
240 51
241 34
242 8
243 39
244 3
245 40
246 34
247 58
248 38
249 1
250 14
251 5
252 52
253 31
254 31
255 15
256 13
257 46
258 16
259 46
260 56
261 42
262 21
263 13
264 44
265 5
266 20
267 7
268 10
269 7
270 18
271 54
272 46
273 30
274 37
275 3
276 36
277 3
278 27
279 47
280 18
281 55
282 49
283 54
284 6
285 42
286 30
287 12
288 15
289 21
290 22
291 21
292 29
293 32
294 55
295 59
296 58
297 55
298 35
299 35
300 6
301 18
302 40
303 53
304 36
305 37
306 10
307 4
308 55
309 54
310 35
311 54
312 43
313 41
314 17
315 58
316 10
317 49
318 20
319 17
320 6
321 13
322 54
323 47
324 15
325 32
326 41
327 29
328 42
329 6
330 45
331 56
332 8
333 59
334 27
335 28
336 49
337 42
338 34
339 52
340 12
341 27
342 29
343 56
344 1
345 55
346 9
347 53
348 2
349 17
350 37
351 4
352 7
353 57
354 12
355 57
356 53
357 52
358 48
359 3
360 30
361 7
362 13
363 9
364 43
365 10
366 32
367 1
368 54
369 54
370 42
371 37
372 19
373 55
374 37
375 59
376 19
377 36
378 55
379 58
380 37
381 12
382 22
383 7
384 1
385 1
386 16
387 46
388 31
389 57
390 47
391 37
392 36
393 1
394 12
395 44
396 59
397 23
398 50
399 59
400 3
401 56
402 11
403 32
404 49
405 50
406 19
407 34
408 54
409 0
410 17
411 6
412 39
413 0
414 31
415 46
416 22
417 10
418 37
419 48
420 37
421 7
422 58
423 56
424 29
425 33
426 7
427 47
428 8
429 15
430 2
431 11
432 8
433 33
434 51
435 53
436 12
437 40
438 21
439 10
440 46
441 4
442 28
443 53
444 37
445 28
446 58
447 43
448 11
449 52
450 33
451 57
452 7
453 42
454 18
455 35
456 24
457 11
458 16
459 19
460 15
461 0
462 31
463 20
464 44
465 28
466 11
467 20
468 26
469 46
470 12
471 9
472 46
473 24
474 28
475 43
476 53
477 15
478 46
479 40
480 15
481 46
482 2
483 34
484 5
485 59
486 58
487 23
488 50
489 33
490 8
491 51
492 46
493 51
494 17
495 34
496 36
497 2
498 19
499 1
500 58
501 22
502 6
503 22
504 51
505 35
506 49
507 8
508 17
509 19
510 8
511 16
512 16
513 9
514 6
515 3
516 56
517 44
518 54
519 38
520 55
521 42
522 7
523 37
524 43
525 28
526 9
527 57
528 43
529 43
530 10
531 47
532 28
533 37
534 22
535 21
536 20
537 42
538 15
539 23
540 3
541 11
542 14
543 32
544 19
545 4
546 7
547 28
548 34
549 30
550 35
551 2
552 50
553 56
554 33
555 47
556 5
557 31
558 18
559 58
560 14
561 38
562 30
563 55
564 56
565 51
566 41
567 54
568 50
569 52
570 54
571 17
572 29
573 58
574 39
575 27
576 31
577 56
578 30
579 40
580 21
581 33
582 57
583 10
584 36
585 55
586 26
587 58
588 12
589 52
590 1
591 23
592 29
593 35
594 6
595 9
596 7
597 17
598 58
599 10
600 21
601 34
602 46
603 26
604 38
605 22
606 44
607 41
608 5
609 16
610 31
611 41
612 48
613 22
614 2
615 43
616 9
617 45
618 22
619 14
620 20
621 12
622 13
623 7
624 11
625 39