25
625
3 5
4 8
5 51
6 20
7 43
8 51
9 49
10 9
11 40
12 5
13 26
14 22
15 5
16 49
17 50
18 2
19 35
20 29
21 29
22 28
23 26
24 41
25 16
26 9
27 11
28 44
29 47
30 56
31 14
32 51
33 22
34 5
35 41
36 3
37 17
38 3
39 49
40 14
41 21
42 35
43 31
44 55
45 13
46 45
47 58
48 19
49 41
50 2
51 19
52 36
53 35
54 41
55 45
56 4
57 24
58 43
59 49
60 39
61 25
62 14
63 35
64 2
65 31
66 37
67 11
68 48
69 29
70 2
71 10
72 47
73 26
74 27
75 4
76 44
77 47
78 51
79 7
80 49
81 30
82 20
83 39
84 16
85 36
86 8
87 6
88 56
89 46
90 17
91 27
92 27
93 8
94 56
95 42
96 15
97 36
98 51
99 42
100 39
101 41
102 55
103 16
104 35
105 46
106 16
107 59
108 41
109 59
110 58
111 50
112 34
113 51
114 18
115 54
116 7
117 49
118 51
119 9
120 5
121 21
122 11
123 36
124 37
125 35
126 14
127 8
128 50
129 55
130 57
131 10
132 56
133 27
134 45
135 8
136 5
137 18
138 59
139 13
140 24
141 30
142 9
143 4
144 47
145 6
146 2
147 36
148 51
149 34
150 14
151 33
152 30
153 43
154 49
155 22
156 35
157 26
158 41
159 53
160 21
161 53
162 48
163 35
164 7
165 35
166 9
167 1
168 30
169 18
170 16
171 0
172 10
173 11
174 17
175 40
176 11
177 1
178 21
179 58
180 42
181 26
182 43
183 7
184 19
185 7
186 38
187 13
188 58
189 18
190 16
191 32
192 43
193 15
194 12
195 22
196 56
197 8
198 22
199 49
200 42
201 14
202 43
203 6
204 31
205 30
206 36
207 4
208 46
209 53
210 55
211 46
212 58
213 57
214 48
215 6
216 22
217 44
218 59
219 31
220 38
221 22
222 24
223 10
224 34
225 11
226 25
227 1
228 36
229 26
230 16
231 21
232 44
233 2
234 23
235 22
236 28
237 56
238 49
239 13
240 38
241 54
242 47
243 14
244 6
245 19
246 36
247 23
248 36
249 19
250 56
251 34
252 32
253 35
254 47
255 19
256 54
257 38
258 14
259 46
260 57
261 26
262 59
263 8
264 28
265 18
266 41
267 12
268 27
269 20
270 24
271 35
272 52
273 24
274 6
275 36
276 17
277 29
278 40
279 6
280 43
281 13
282 8
283 28
284 30
285 47
286 51
287 26
288 56
289 4
290 8
291 48
292 4
293 59
294 32
295 36
296 35
297 58
298 37
299 32
300 21
301 23
302 29
303 53
304 27
305 7
306 25
307 30
308 17
309 31
310 55
311 39
312 3
313 44
314 17
315 27
316 41
317 45
318 51
319 0
320 20
321 44
322 35
323 27
324 9
325 6
326 33
327 26
328 41
329 26
330 7
331 39
332 39
333 40
334 13
335 52
336 24
337 51
338 45
339 19
340 53
341 55
342 41
343 49
344 12
345 57
346 13
347 34
348 58
349 7
350 44
351 17
352 53
353 32
354 51
355 47
356 25
357 10
358 9
359 1
360 29
361 37
362 23
363 35
364 15
365 15
366 47
367 11
368 14
369 39
370 41
371 23
372 5
373 8
374 14
375 33
376 8
377 24
378 29
379 53
380 51
381 33
382 1
383 32
384 27
385 35
386 40
387 8
388 2
389 55
390 53
391 51
392 55
393 57
394 24
395 22
396 14
397 57
398 40
399 3
400 22
401 17
402 12
403 59
404 20
405 3
406 15
407 14
408 22
409 17
410 53
411 20
412 14
413 27
414 2
415 22
416 31
417 12
418 33
419 54
420 57
421 18
422 7
423 53
424 40
425 8
426 3
427 19
428 53
429 26
430 58
431 16
432 51
433 59
434 49
435 49
436 8
437 34
438 18
439 13
440 0
441 12
442 8
443 16
444 29
445 18
446 11
447 39
448 49
449 53
450 39
451 38
452 43
453 26
454 26
455 50
456 0
457 51
458 8
459 42
460 38
461 20
462 3
463 25
464 15
465 35
466 33
467 31
468 32
469 17
470 58
471 58
472 50
473 57
474 32
475 35
476 18
477 14
478 32
479 42
480 4
481 24
482 26
483 47
484 2
485 16
486 14
487 51
488 14
489 23
490 51
491 3
492 43
493 45
494 35
495 55
496 14
497 3
498 52
499 28
500 20
501 14
502 12
503 28
504 57
505 59
506 27
507 3
508 7
509 18
510 42
511 48
512 45
513 58
514 14
515 9
516 55
517 43
518 28
519 16
520 51
521 34
522 32
523 26
524 42
525 33
526 40
527 50
528 9
529 4
530 13
531 36
532 48
533 8
534 50
535 0
536 20
537 8
538 34
539 23
540 54
541 50
542 16
543 13
544 43
545 8
546 58
547 52
548 47
549 11
550 10
551 52
552 34
553 21
554 46
555 4
556 1
557 59
558 32
559 46
560 24
561 14
562 37
563 11
564 24
565 24
566 19
567 10
568 36
569 2
570 52
571 47
572 41
573 34
574 35
575 40
576 59
577 0
578 15
579 0
580 32
581 57
582 43
583 40
584 4
585 48
586 50
587 19
588 35
589 15
590 18
591 14
592 58
593 49
594 37
595 9
596 0
597 20
598 11
599 37
600 45
601 43
602 23
603 59
604 14
605 7
606 26
607 42
608 44
609 51
610 13
611 9
612 20
613 48
614 24
615 24
616 20
617 6
618 36
619 25
620 19
621 38
622 58
623 2
624 23
625 37