25
625
3 34
4 10
5 19
6 52
7 50
8 19
9 15
10 15
11 7
12 14
13 41
14 13
15 0
16 28
17 43
18 52
19 48
20 29
21 58
22 43
23 26
24 8
25 1
26 4
27 19
28 39
29 47
30 42
31 20
32 0
33 25
34 8
35 33
36 15
37 14
38 54
39 44
40 21
41 5
42 44
43 24
44 51
45 29
46 26
47 22
48 45
49 53
50 35
51 1
52 51
53 43
54 57
55 58
56 14
57 39
58 9
59 3
60 54
61 1
62 16
63 49
64 19
65 23
66 35
67 13
68 54
69 30
70 29
71 43
72 16
73 24
74 19
75 47
76 47
77 18
78 3
79 26
80 32
81 52
82 34
83 13
84 12
85 42
86 53
87 29
88 42
89 48
90 7
91 50
92 19
93 18
94 10
95 29
96 39
97 41
98 11
99 10
100 3
101 1
102 19
103 43
104 27
105 35
106 56
107 27
108 5
109 32
110 30
111 40
112 1
113 21
114 32
115 51
116 6
117 55
118 15
119 47
120 33
121 54
122 50
123 44
124 40
125 26
126 10
127 14
128 45
129 25
130 17
131 23
132 54
133 28
134 42
135 45
136 47
137 22
138 33
139 21
140 15
141 11
142 50
143 16
144 50
145 47
146 39
147 36
148 3
149 13
150 43
151 0
152 18
153 15
154 13
155 58
156 51
157 24
158 30
159 58
160 31
161 29
162 16
163 44
164 3
165 51
166 13
167 47
168 3
169 26
170 8
171 40
172 23
173 2
174 51
175 18
176 22
177 2
178 16
179 27
180 56
181 25
182 30
183 0
184 34
185 22
186 45
187 8
188 14
189 53
190 2
191 31
192 40
193 29
194 57
195 54
196 54
197 53
198 44
199 10
200 39
201 5
202 6
203 53
204 34
205 18
206 25
207 6
208 58
209 18
210 30
211 29
212 22
213 39
214 10
215 52
216 16
217 56
218 29
219 53
220 22
221 45
222 16
223 15
224 9
225 3
226 36
227 25
228 14
229 47
230 31
231 2
232 40
233 5
234 54
235 32
236 21
237 59
238 24
239 36
240 24
241 56
242 23
243 54
244 47
245 31
246 37
247 58
248 44
249 11
250 2
251 54
252 52
253 0
254 5
255 16
256 25
257 37
258 25
259 20
260 5
261 33
262 3
263 39
264 21
265 30
266 25
267 36
268 58
269 5
270 45
271 28
272 15
273 35
274 40
275 49
276 56
277 20
278 50
279 43
280 39
281 37
282 48
283 58
284 26
285 57
286 6
287 37
288 41
289 14
290 47
291 0
292 41
293 51
294 2
295 10
296 42
297 34
298 31
299 9
300 14
301 43
302 3
303 26
304 20
305 47
306 12
307 10
308 32
309 27
310 9
311 28
312 37
313 46
314 51
315 14
316 41
317 58
318 34
319 53
320 8
321 19
322 31
323 52
324 44
325 5
326 46
327 1
328 12
329 7
330 35
331 8
332 53
333 42
334 29
335 50
336 58
337 5
338 28
339 42
340 9
341 8
342 6
343 15
344 44
345 20
346 14
347 5
348 36
349 29
350 4
351 18
352 18
353 3
354 56
355 29
356 44
357 2
358 38
359 1
360 35
361 17
362 18
363 37
364 54
365 26
366 9
367 5
368 10
369 4
370 48
371 53
372 6
373 39
374 46
375 21
376 6
377 33
378 50
379 24
380 41
381 35
382 3
383 51
384 24
385 14
386 3
387 58
388 18
389 40
390 14
391 35
392 25
393 46
394 40
395 19
396 7
397 15
398 38
399 37
400 35
401 40
402 32
403 42
404 30
405 36
406 11
407 7
408 51
409 24
410 6
411 22
412 55
413 47
414 20
415 4
416 13
417 24
418 40
419 48
420 10
421 1
422 38
423 9
424 9
425 4
426 44
427 30
428 19
429 37
430 57
431 7
432 29
433 22
434 59
435 49
436 51
437 2
438 31
439 31
440 50
441 17
442 27
443 44
444 45
445 15
446 32
447 28
448 26
449 38
450 6
451 26
452 4
453 13
454 14
455 29
456 44
457 14
458 27
459 55
460 13
461 11
462 20
463 52
464 41
465 12
466 6
467 19
468 35
469 6
470 33
471 3
472 35
473 5
474 45
475 5
476 1
477 45
478 32
479 5
480 54
481 34
482 50
483 33
484 0
485 38
486 30
487 53
488 12
489 36
490 28
491 6
492 51
493 42
494 45
495 10
496 58
497 36
498 4
499 0
500 32
501 32
502 17
503 53
504 11
505 35
506 12
507 42
508 29
509 22
510 14
511 42
512 37
513 11
514 56
515 57
516 29
517 10
518 43
519 55
520 29
521 15
522 41
523 38
524 39
525 38
526 55
527 58
528 33
529 6
530 50
531 23
532 8
533 36
534 23
535 55
536 25
537 55
538 11
539 54
540 47
541 18
542 28
543 43
544 4
545 46
546 52
547 44
548 9
549 6
550 16
551 53
552 9
553 30
554 28
555 20
556 26
557 19
558 58
559 21
560 13
561 0
562 24
563 21
564 32
565 54
566 43
567 43
568 9
569 14
570 22
571 38
572 21
573 32
574 5
575 36
576 46
577 49
578 33
579 1
580 47
581 10
582 5
583 57
584 39
585 9
586 57
587 19
588 9
589 8
590 46
591 57
592 50
593 40
594 37
595 29
596 40
597 41
598 58
599 39
600 12
601 11
602 7
603 42
604 0
605 22
606 29
607 49
608 28
609 43
610 43
611 30
612 14
613 54
614 14
615 29
616 24
617 24
618 42
619 36
620 6
621 26
622 19
623 8
624 49
625 5