25
625
3 26
4 0
5 48
6 2
7 11
8 41
9 5
10 58
11 4
12 29
13 12
14 54
15 9
16 22
17 9
18 8
19 32
20 32
21 27
22 21
23 55
24 51
25 10
26 24
27 44
28 38
29 22
30 49
31 13
32 16
33 58
34 39
35 11
36 13
37 28
38 1
39 41
40 27
41 57
42 47
43 26
44 36
45 37
46 25
47 7
48 27
49 41
50 20
51 18
52 30
53 11
54 57
55 36
56 2
57 33
58 8
59 54
60 46
61 52
62 25
63 17
64 27
65 55
66 47
67 7
68 17
69 31
70 45
71 50
72 0
73 35
74 55
75 28
76 18
77 27
78 31
79 17
80 16
81 33
82 8
83 33
84 16
85 16
86 24
87 50
88 5
89 36
90 32
91 6
92 39
93 54
94 6
95 29
96 51
97 34
98 56
99 23
100 3
101 19
102 28
103 1
104 47
105 56
106 41
107 19
108 51
109 30
110 27
111 33
112 41
113 29
114 35
115 55
116 19
117 19
118 46
119 51
120 50
121 23
122 13
123 5
124 42
125 35
126 15
127 19
128 34
129 3
130 26
131 43
132 32
133 7
134 16
135 35
136 14
137 15
138 13
139 39
140 12
141 5
142 54
143 1
144 50
145 23
146 14
147 2
148 43
149 8
150 33
151 49
152 12
153 18
154 1
155 19
156 7
157 3
158 37
159 42
160 51
161 17
162 14
163 2
164 20
165 38
166 6
167 42
168 56
169 12
170 47
171 31
172 53
173 50
174 24
175 0
176 3
177 25
178 35
179 26
180 31
181 15
182 31
183 3
184 11
185 54
186 7
187 47
188 25
189 1
190 36
191 18
192 45
193 0
194 51
195 21
196 14
197 29
198 54
199 12
200 57
201 0
202 28
203 44
204 17
205 15
206 45
207 59
208 37
209 47
210 8
211 9
212 48
213 24
214 42
215 45
216 23
217 59
218 32
219 58
220 16
221 46
222 20
223 16
224 18
225 49
226 29
227 0
228 54
229 53
230 15
231 51
232 53
233 58
234 31
235 2
236 41
237 46
238 17
239 28
240 50
241 12
242 17
243 5
244 29
245 10
246 31
247 32
248 11
249 8
250 42
251 19
252 29
253 39
254 36
255 42
256 21
257 23
258 24
259 34
260 1
261 52
262 31
263 29
264 35
265 47
266 56
267 4
268 52
269 57
270 51
271 1
272 7
273 56
274 28
275 14
276 27
277 51
278 21
279 6
280 53
281 53
282 28
283 55
284 28
285 46
286 22
287 22
288 2
289 18
290 53
291 4
292 23
293 3
294 28
295 17
296 5
297 46
298 44
299 39
300 59
301 25
302 12
303 24
304 16
305 24
306 27
307 21
308 41
309 22
310 51
311 45
312 12
313 7
314 58
315 42
316 8
317 56
318 8
319 7
320 44
321 47
322 23
323 37
324 59
325 18
326 7
327 39
328 14
329 35
330 22
331 59
332 38
333 46
334 0
335 19
336 30
337 27
338 5
339 14
340 8
341 38
342 52
343 36
344 44
345 41
346 44
347 39
348 49
349 5
350 15
351 41
352 49
353 53
354 22
355 59
356 50
357 1
358 27
359 40
360 50
361 59
362 10
363 55
364 55
365 8
366 15
367 41
368 51
369 37
370 54
371 33
372 32
373 40
374 41
375 51
376 53
377 15
378 43
379 20
380 36
381 53
382 54
383 4
384 0
385 17
386 59
387 40
388 35
389 12
390 50
391 54
392 45
393 9
394 8
395 44
396 21
397 51
398 33
399 38
400 36
401 7
402 11
403 1
404 55
405 45
406 50
407 38
408 23
409 58
410 22
411 34
412 25
413 48
414 59
415 8
416 21
417 10
418 8
419 24
420 54
421 14
422 2
423 51
424 7
425 1
426 25
427 17
428 46
429 19
430 49
431 51
432 26
433 40
434 11
435 31
436 44
437 11
438 30
439 25
440 26
441 45
442 14
443 24
444 19
445 30
446 52
447 9
448 56
449 9
450 39
451 24
452 21
453 57
454 36
455 14
456 32
457 36
458 52
459 8
460 18
461 23
462 40
463 14
464 51
465 57
466 10
467 39
468 49
469 19
470 11
471 8
472 50
473 33
474 29
475 32
476 3
477 26
478 6
479 56
480 53
481 53
482 56
483 44
484 33
485 43
486 40
487 11
488 28
489 46
490 5
491 3
492 50
493 41
494 38
495 41
496 5
497 49
498 17
499 36
500 54
501 17
502 59
503 56
504 43
505 57
506 33
507 47
508 40
509 22
510 5
511 52
512 8
513 2
514 57
515 24
516 25
517 14
518 41
519 2
520 40
521 6
522 29
523 46
524 22
525 32
526 30
527 23
528 46
529 53
530 6
531 59
532 52
533 45
534 31
535 48
536 6
537 38
538 5
539 48
540 39
541 48
542 48
543 25
544 41
545 9
546 52
547 31
548 10
549 32
550 37
551 11
552 42
553 24
554 23
555 2
556 29
557 51
558 34
559 52
560 16
561 48
562 3
563 11
564 51
565 22
566 43
567 31
568 41
569 15
570 58
571 20
572 19
573 30
574 16
575 35
576 20
577 25
578 16
579 18
580 15
581 18
582 6
583 11
584 47
585 13
586 51
587 51
588 31
589 19
590 48
591 48
592 5
593 6
594 20
595 25
596 46
597 54
598 2
599 48
600 45
601 36
602 19
603 35
604 57
605 10
606 25
607 6
608 33
609 54
610 50
611 48
612 14
613 0
614 37
615 28
616 3
617 40
618 5
619 29
620 34
621 37
622 5
623 35
624 23
625 16