25
625
3 6
4 9
5 36
6 10
7 26
8 17
9 52
10 21
11 51
12 50
13 56
14 45
15 23
16 21
17 50
18 22
19 54
20 2
21 39
22 42
23 12
24 41
25 38
26 37
27 5
28 34
29 1
30 20
31 26
32 17
33 17
34 22
35 9
36 15
37 50
38 28
39 47
40 27
41 58
42 23
43 5
44 52
45 9
46 5
47 56
48 20
49 43
50 40
51 14
52 53
53 37
54 39
55 15
56 31
57 38
58 7
59 18
60 16
61 17
62 29
63 5
64 0
65 4
66 35
67 0
68 49
69 49
70 40
71 8
72 10
73 49
74 58
75 25
76 31
77 53
78 19
79 2
80 2
81 5
82 48
83 49
84 6
85 9
86 55
87 44
88 14
89 55
90 23
91 45
92 16
93 35
94 6
95 12
96 47
97 50
98 3
99 46
100 50
101 34
102 13
103 46
104 40
105 55
106 41
107 21
108 13
109 14
110 16
111 10
112 20
113 11
114 9
115 41
116 32
117 57
118 54
119 12
120 16
121 11
122 53
123 12
124 38
125 7
126 0
127 2
128 19
129 14
130 30
131 37
132 30
133 11
134 32
135 37
136 47
137 57
138 20
139 59
140 9
141 27
142 11
143 3
144 24
145 27
146 7
147 0
148 59
149 55
150 18
151 6
152 18
153 40
154 58
155 34
156 43
157 30
158 26
159 23
160 4
161 54
162 36
163 52
164 14
165 59
166 17
167 24
168 33
169 50
170 39
171 57
172 56
173 37
174 2
175 46
176 3
177 7
178 38
179 16
180 4
181 34
182 9
183 7
184 32
185 11
186 28
187 2
188 15
189 39
190 45
191 24
192 14
193 24
194 53
195 47
196 1
197 50
198 19
199 23
200 56
201 32
202 10
203 9
204 44
205 14
206 43
207 10
208 33
209 32
210 47
211 59
212 22
213 35
214 39
215 22
216 37
217 24
218 49
219 6
220 32
221 35
222 29
223 25
224 53
225 49
226 18
227 22
228 39
229 32
230 31
231 3
232 38
233 57
234 49
235 38
236 17
237 36
238 42
239 24
240 18
241 54
242 0
243 35
244 34
245 0
246 50
247 44
248 35
249 27
250 28
251 37
252 28
253 48
254 13
255 41
256 21
257 16
258 1
259 33
260 25
261 38
262 9
263 8
264 9
265 38
266 29
267 59
268 42
269 7
270 16
271 51
272 42
273 1
274 31
275 38
276 55
277 3
278 12
279 4
280 1
281 43
282 17
283 46
284 15
285 56
286 26
287 32
288 26
289 27
290 36
291 33
292 6
293 15
294 32
295 1
296 58
297 3
298 48
299 2
300 55
301 45
302 29
303 20
304 36
305 28
306 55
307 38
308 13
309 15
310 13
311 15
312 30
313 45
314 5
315 31
316 4
317 2
318 12
319 36
320 59
321 20
322 6
323 32
324 11
325 56
326 21
327 11
328 25
329 55
330 52
331 42
332 24
333 56
334 37
335 51
336 6
337 24
338 48
339 5
340 17
341 21
342 47
343 12
344 44
345 25
346 46
347 35
348 3
349 31
350 46
351 38
352 14
353 44
354 47
355 59
356 27
357 31
358 56
359 29
360 26
361 56
362 20
363 47
364 3
365 27
366 23
367 27
368 46
369 41
370 14
371 42
372 18
373 36
374 4
375 28
376 49
377 43
378 58
379 30
380 49
381 54
382 25
383 16
384 53
385 27
386 11
387 6
388 6
389 34
390 48
391 48
392 17
393 24
394 36
395 0
396 13
397 58
398 24
399 8
400 2
401 47
402 33
403 48
404 45
405 28
406 48
407 39
408 38
409 7
410 51
411 31
412 13
413 3
414 57
415 38
416 18
417 41
418 15
419 29
420 25
421 9
422 54
423 43
424 53
425 12
426 1
427 23
428 12
429 18
430 47
431 31
432 40
433 21
434 42
435 45
436 1
437 13
438 53
439 8
440 40
441 40
442 23
443 4
444 28
445 22
446 49
447 52
448 3
449 21
450 49
451 57
452 0
453 50
454 38
455 43
456 16
457 31
458 5
459 3
460 39
461 46
462 41
463 8
464 33
465 8
466 55
467 16
468 55
469 0
470 29
471 51
472 41
473 55
474 53
475 20
476 57
477 47
478 38
479 48
480 1
481 40
482 51
483 20
484 17
485 3
486 11
487 3
488 0
489 19
490 18
491 52
492 27
493 46
494 14
495 50
496 33
497 49
498 46
499 25
500 42
501 16
502 16
503 42
504 38
505 0
506 45
507 19
508 52
509 51
510 4
511 41
512 20
513 2
514 0
515 59
516 10
517 51
518 2
519 56
520 31
521 38
522 11
523 34
524 51
525 7
526 30
527 53
528 25
529 25
530 42
531 0
532 22
533 5
534 19
535 6
536 39
537 51
538 36
539 53
540 14
541 34
542 10
543 25
544 8
545 55
546 20
547 34
548 31
549 2
550 39
551 5
552 7
553 9
554 56
555 21
556 7
557 24
558 20
559 11
560 30
561 43
562 23
563 28
564 40
565 52
566 34
567 53
568 59
569 43
570 4
571 30
572 38
573 38
574 37
575 0
576 33
577 10
578 51
579 50
580 43
581 53
582 17
583 31
584 17
585 16
586 5
587 41
588 20
589 33
590 53
591 37
592 23
593 45
594 21
595 39
596 35
597 19
598 1
599 7
600 20
601 57
602 51
603 46
604 49
605 29
606 21
607 19
608 43
609 5
610 21
611 33
612 58
613 55
614 57
615 6
616 30
617 51
618 38
619 54
620 6
621 46
622 16
623 49
624 43
625 37