25
625
3 57
4 12
5 10
6 55
7 0
8 21
9 5
10 56
11 14
12 5
13 57
14 6
15 28
16 29
17 43
18 14
19 34
20 25
21 37
22 6
23 16
24 34
25 20
26 39
27 46
28 16
29 33
30 42
31 55
32 57
33 40
34 33
35 28
36 45
37 17
38 7
39 12
40 21
41 24
42 24
43 23
44 43
45 1
46 30
47 56
48 48
49 13
50 48
51 0
52 45
53 12
54 41
55 34
56 44
57 16
58 54
59 48
60 3
61 38
62 42
63 48
64 3
65 1
66 47
67 24
68 6
69 36
70 9
71 4
72 7
73 13
74 3
75 23
76 28
77 29
78 6
79 41
80 42
81 50
82 38
83 8
84 5
85 32
86 44
87 41
88 27
89 27
90 50
91 7
92 58
93 42
94 59
95 7
96 42
97 6
98 7
99 50
100 21
101 59
102 14
103 36
104 35
105 24
106 21
107 33
108 23
109 37
110 37
111 35
112 35
113 37
114 44
115 21
116 28
117 22
118 44
119 22
120 1
121 47
122 47
123 58
124 2
125 45
126 41
127 17
128 26
129 29
130 16
131 46
132 22
133 29
134 30
135 12
136 1
137 46
138 22
139 2
140 44
141 43
142 40
143 18
144 15
145 24
146 47
147 8
148 58
149 18
150 36
151 50
152 7
153 11
154 9
155 17
156 53
157 54
158 26
159 26
160 31
161 9
162 36
163 30
164 39
165 15
166 44
167 35
168 24
169 25
170 34
171 37
172 3
173 36
174 10
175 38
176 17
177 47
178 9
179 43
180 24
181 19
182 1
183 11
184 49
185 23
186 8
187 9
188 26
189 21
190 23
191 38
192 16
193 39
194 50
195 12
196 2
197 8
198 57
199 19
200 42
201 47
202 29
203 7
204 5
205 31
206 20
207 39
208 31
209 52
210 48
211 45
212 33
213 10
214 27
215 34
216 59
217 51
218 0
219 53
220 58
221 8
222 18
223 12
224 46
225 33
226 54
227 48
228 30
229 22
230 12
231 43
232 57
233 3
234 59
235 51
236 1
237 54
238 2
239 41
240 27
241 52
242 10
243 47
244 37
245 38
246 45
247 39
248 16
249 20
250 41
251 42
252 19
253 13
254 19
255 50
256 5
257 57
258 40
259 25
260 43
261 35
262 18
263 6
264 21
265 5
266 52
267 21
268 11
269 18
270 59
271 55
272 46
273 32
274 41
275 28
276 21
277 5
278 47
279 38
280 1
281 8
282 35
283 43
284 47
285 21
286 21
287 39
288 41
289 25
290 32
291 23
292 42
293 55
294 34
295 18
296 8
297 29
298 52
299 22
300 36
301 39
302 23
303 15
304 43
305 47
306 11
307 41
308 43
309 4
310 46
311 59
312 38
313 13
314 42
315 29
316 29
317 11
318 1
319 2
320 53
321 47
322 14
323 35
324 14
325 7
326 45
327 57
328 8
329 19
330 27
331 33
332 23
333 56
334 11
335 55
336 8
337 45
338 14
339 29
340 29
341 18
342 26
343 30
344 39
345 58
346 43
347 23
348 14
349 12
350 59
351 28
352 35
353 38
354 58
355 8
356 39
357 43
358 6
359 32
360 54
361 52
362 13
363 51
364 8
365 30
366 3
367 49
368 11
369 6
370 12
371 44
372 47
373 41
374 26
375 27
376 35
377 47
378 56
379 9
380 56
381 44
382 25
383 46
384 53
385 55
386 28
387 23
388 57
389 35
390 14
391 39
392 38
393 46
394 7
395 47
396 43
397 44
398 42
399 11
400 53
401 54
402 11
403 43
404 51
405 22
406 55
407 21
408 56
409 16
410 42
411 16
412 14
413 6
414 14
415 46
416 0
417 40
418 20
419 47
420 37
421 22
422 28
423 50
424 36
425 3
426 43
427 54
428 41
429 4
430 1
431 10
432 34
433 22
434 1
435 5
436 51
437 40
438 28
439 30
440 48
441 10
442 9
443 59
444 12
445 51
446 12
447 25
448 11
449 26
450 34
451 12
452 54
453 1
454 49
455 21
456 31
457 2
458 34
459 42
460 53
461 11
462 43
463 34
464 57
465 28
466 44
467 38
468 26
469 29
470 53
471 32
472 52
473 51
474 18
475 10
476 11
477 7
478 43
479 51
480 56
481 34
482 31
483 35
484 9
485 7
486 37
487 12
488 5
489 55
490 48
491 34
492 39
493 48
494 17
495 55
496 0
497 58
498 43
499 59
500 17
501 34
502 0
503 28
504 35
505 37
506 11
507 42
508 54
509 33
510 12
511 4
512 21
513 47
514 17
515 47
516 4
517 1
518 23
519 43
520 8
521 42
522 22
523 23
524 32
525 17
526 38
527 1
528 17
529 43
530 45
531 24
532 11
533 58
534 6
535 35
536 3
537 2
538 41
539 47
540 57
541 14
542 3
543 8
544 51
545 1
546 29
547 29
548 13
549 23
550 23
551 34
552 57
553 48
554 46
555 27
556 14
557 11
558 15
559 32
560 41
561 23
562 52
563 24
564 52
565 3
566 46
567 47
568 18
569 52
570 33
571 24
572 49
573 10
574 55
575 47
576 10
577 36
578 23
579 4
580 3
581 4
582 46
583 4
584 35
585 51
586 2
587 2
588 20
589 17
590 27
591 59
592 19
593 26
594 59
595 55
596 44
597 22
598 42
599 57
600 33
601 11
602 57
603 9
604 48
605 12
606 52
607 16
608 1
609 24
610 48
611 32
612 31
613 45
614 52
615 23
616 8
617 57
618 20
619 55
620 3
621 45
622 15
623 36
624 41
625 25