25
625
3 18
4 20
5 27
6 1
7 41
8 48
9 25
10 23
11 15
12 46
13 11
14 50
15 16
16 42
17 45
18 33
19 19
20 28
21 15
22 27
23 5
24 31
25 44
26 23
27 56
28 18
29 41
30 13
31 34
32 55
33 1
34 50
35 21
36 30
37 54
38 5
39 15
40 49
41 29
42 16
43 20
44 44
45 58
46 38
47 28
48 54
49 11
50 58
51 31
52 44
53 22
54 42
55 27
56 16
57 18
58 43
59 14
60 0
61 56
62 20
63 41
64 17
65 51
66 19
67 52
68 21
69 23
70 15
71 19
72 43
73 22
74 33
75 35
76 25
77 0
78 30
79 27
80 22
81 14
82 32
83 2
84 56
85 26
86 1
87 50
88 26
89 38
90 37
91 18
92 46
93 43
94 6
95 33
96 20
97 5
98 3
99 44
100 38
101 2
102 33
103 50
104 48
105 47
106 20
107 42
108 49
109 18
110 5
111 57
112 37
113 58
114 43
115 31
116 55
117 5
118 22
119 34
120 15
121 46
122 20
123 17
124 49
125 48
126 57
127 27
128 32
129 26
130 45
131 15
132 4
133 43
134 37
135 15
136 4
137 9
138 0
139 10
140 44
141 47
142 25
143 31
144 24
145 41
146 6
147 50
148 50
149 53
150 7
151 13
152 53
153 48
154 37
155 52
156 8
157 42
158 31
159 58
160 50
161 26
162 54
163 14
164 1
165 42
166 21
167 19
168 37
169 56
170 19
171 32
172 46
173 7
174 9
175 57
176 46
177 25
178 29
179 18
180 13
181 21
182 54
183 18
184 59
185 44
186 7
187 17
188 9
189 33
190 54
191 38
192 40
193 3
194 29
195 17
196 55
197 28
198 47
199 5
200 17
201 51
202 17
203 22
204 54
205 2
206 29
207 45
208 55
209 47
210 41
211 33
212 24
213 21
214 41
215 38
216 26
217 15
218 7
219 45
220 50
221 1
222 40
223 40
224 29
225 59
226 31
227 28
228 59
229 56
230 29
231 53
232 59
233 43
234 35
235 9
236 13
237 28
238 17
239 57
240 55
241 58
242 26
243 5
244 38
245 41
246 34
247 55
248 33
249 41
250 36
251 16
252 0
253 26
254 7
255 47
256 2
257 30
258 59
259 59
260 21
261 17
262 30
263 56
264 15
265 20
266 41
267 29
268 55
269 14
270 21
271 9
272 14
273 51
274 11
275 55
276 17
277 22
278 44
279 21
280 12
281 42
282 3
283 10
284 23
285 49
286 25
287 28
288 1
289 30
290 50
291 5
292 41
293 45
294 53
295 41
296 38
297 13
298 6
299 10
300 20
301 22
302 41
303 47
304 17
305 38
306 12
307 48
308 27
309 10
310 54
311 34
312 39
313 33
314 55
315 27
316 26
317 49
318 36
319 34
320 37
321 41
322 11
323 20
324 18
325 19
326 32
327 36
328 55
329 15
330 47
331 31
332 39
333 14
334 17
335 30
336 23
337 2
338 35
339 26
340 20
341 43
342 46
343 49
344 30
345 55
346 25
347 46
348 3
349 50
350 14
351 41
352 30
353 47
354 15
355 39
356 17
357 56
358 58
359 42
360 14
361 14
362 43
363 54
364 1
365 25
366 38
367 47
368 21
369 12
370 49
371 54
372 30
373 32
374 55
375 39
376 26
377 43
378 49
379 5
380 0
381 56
382 25
383 46
384 4
385 50
386 33
387 5
388 30
389 54
390 11
391 59
392 47
393 29
394 39
395 42
396 51
397 31
398 54
399 20
400 57
401 47
402 52
403 48
404 35
405 53
406 49
407 6
408 14
409 47
410 41
411 50
412 50
413 47
414 3
415 53
416 12
417 52
418 6
419 23
420 17
421 47
422 34
423 57
424 19
425 37
426 38
427 10
428 2
429 8
430 46
431 45
432 41
433 57
434 28
435 31
436 8
437 34
438 56
439 14
440 27
441 12
442 24
443 47
444 17
445 47
446 3
447 56
448 25
449 13
450 42
451 30
452 6
453 53
454 13
455 10
456 37
457 38
458 45
459 43
460 5
461 41
462 14
463 37
464 17
465 40
466 0
467 13
468 33
469 23
470 47
471 50
472 51
473 49
474 36
475 42
476 8
477 21
478 45
479 5
480 28
481 19
482 24
483 16
484 52
485 50
486 19
487 42
488 38
489 51
490 51
491 46
492 26
493 12
494 14
495 20
496 11
497 36
498 33
499 37
500 22
501 41
502 32
503 58
504 24
505 52
506 2
507 40
508 8
509 55
510 48
511 32
512 19
513 51
514 17
515 54
516 24
517 45
518 20
519 28
520 56
521 1
522 1
523 45
524 18
525 31
526 51
527 23
528 9
529 47
530 34
531 58
532 3
533 54
534 22
535 3
536 50
537 14
538 37
539 1
540 53
541 19
542 34
543 12
544 48
545 24
546 36
547 16
548 54
549 47
550 4
551 32
552 21
553 16
554 18
555 49
556 21
557 33
558 23
559 37
560 30
561 58
562 56
563 58
564 7
565 28
566 13
567 36
568 43
569 34
570 21
571 2
572 39
573 40
574 14
575 33
576 51
577 24
578 21
579 26
580 50
581 30
582 11
583 51
584 12
585 47
586 35
587 26
588 3
589 58
590 43
591 46
592 34
593 36
594 3
595 15
596 43
597 34
598 21
599 53
600 21
601 9
602 31
603 8
604 58
605 46
606 36
607 16
608 18
609 4
610 1
611 24
612 15
613 27
614 53
615 12
616 42
617 15
618 35
619 0
620 8
621 10
622 8
623 31
624 54
625 27