25
625
3 8
4 22
5 40
6 9
7 29
8 17
9 33
10 58
11 19
12 39
13 2
14 21
15 29
16 32
17 51
18 36
19 54
20 49
21 31
22 55
23 8
24 54
25 34
26 3
27 47
28 40
29 12
30 46
31 11
32 15
33 35
34 33
35 8
36 29
37 29
38 19
39 49
40 22
41 22
42 43
43 24
44 50
45 1
46 45
47 55
48 57
49 13
50 56
51 45
52 29
53 10
54 20
55 11
56 47
57 54
58 27
59 29
60 14
61 24
62 49
63 5
64 40
65 3
66 40
67 27
68 32
69 16
70 27
71 0
72 51
73 58
74 39
75 25
76 51
77 50
78 57
79 30
80 59
81 12
82 31
83 21
84 20
85 33
86 33
87 1
88 23
89 0
90 56
91 49
92 47
93 19
94 5
95 43
96 26
97 42
98 21
99 57
100 56
101 0
102 5
103 39
104 30
105 2
106 18
107 57
108 26
109 26
110 51
111 40
112 0
113 36
114 22
115 10
116 38
117 3
118 26
119 7
120 2
121 31
122 5
123 32
124 16
125 39
126 39
127 30
128 23
129 4
130 43
131 30
132 21
133 57
134 58
135 24
136 42
137 41
138 27
139 38
140 38
141 31
142 8
143 9
144 47
145 21
146 24
147 12
148 3
149 5
150 42
151 28
152 28
153 31
154 3
155 48
156 33
157 4
158 13
159 29
160 13
161 48
162 2
163 1
164 46
165 12
166 44
167 3
168 52
169 36
170 39
171 59
172 41
173 3
174 45
175 0
176 36
177 54
178 34
179 50
180 22
181 9
182 7
183 17
184 2
185 26
186 42
187 30
188 2
189 0
190 32
191 32
192 39
193 27
194 32
195 28
196 52
197 31
198 28
199 38
200 26
201 51
202 45
203 3
204 13
205 1
206 0
207 57
208 4
209 20
210 7
211 14
212 1
213 53
214 56
215 53
216 34
217 38
218 4
219 9
220 58
221 36
222 5
223 52
224 29
225 5
226 14
227 49
228 12
229 36
230 31
231 36
232 10
233 17
234 49
235 23
236 35
237 37
238 59
239 25
240 10
241 54
242 4
243 54
244 26
245 35
246 5
247 4
248 47
249 24
250 52
251 11
252 27
253 37
254 58
255 5
256 36
257 5
258 22
259 10
260 35
261 57
262 35
263 34
264 4
265 19
266 0
267 59
268 7
269 55
270 56
271 51
272 6
273 5
274 29
275 35
276 45
277 45
278 50
279 19
280 2
281 47
282 56
283 35
284 31
285 34
286 17
287 2
288 11
289 12
290 36
291 9
292 0
293 20
294 2
295 26
296 34
297 29
298 26
299 0
300 4
301 47
302 1
303 19
304 17
305 37
306 57
307 22
308 0
309 6
310 51
311 13
312 49
313 36
314 16
315 12
316 19
317 11
318 29
319 27
320 14
321 18
322 31
323 19
324 38
325 32
326 34
327 16
328 2
329 18
330 34
331 24
332 7
333 26
334 29
335 18
336 54
337 1
338 48
339 41
340 49
341 30
342 0
343 23
344 23
345 19
346 5
347 56
348 2
349 48
350 1
351 52
352 33
353 54
354 24
355 8
356 56
357 50
358 48
359 18
360 23
361 19
362 33
363 59
364 49
365 58
366 39
367 24
368 45
369 46
370 11
371 25
372 58
373 37
374 5
375 48
376 48
377 19
378 59
379 45
380 2
381 17
382 35
383 26
384 1
385 53
386 54
387 16
388 51
389 36
390 13
391 3
392 58
393 48
394 15
395 3
396 23
397 13
398 37
399 59
400 54
401 24
402 2
403 46
404 32
405 44
406 2
407 37
408 4
409 13
410 9
411 36
412 53
413 34
414 42
415 29
416 53
417 14
418 6
419 39
420 3
421 4
422 32
423 20
424 45
425 33
426 34
427 3
428 48
429 42
430 17
431 57
432 2
433 42
434 8
435 59
436 14
437 34
438 47
439 0
440 44
441 29
442 3
443 54
444 20
445 36
446 29
447 0
448 33
449 15
450 16
451 41
452 23
453 40
454 52
455 3
456 50
457 56
458 29
459 3
460 30
461 13
462 25
463 22
464 40
465 25
466 10
467 30
468 31
469 26
470 52
471 40
472 35
473 22
474 27
475 25
476 23
477 13
478 46
479 15
480 26
481 53
482 22
483 38
484 13
485 46
486 23
487 8
488 12
489 16
490 10
491 18
492 59
493 15
494 4
495 17
496 56
497 29
498 15
499 38
500 6
501 46
502 21
503 46
504 30
505 37
506 26
507 50
508 54
509 19
510 24
511 59
512 58
513 11
514 35
515 5
516 3
517 25
518 23
519 18
520 56
521 47
522 49
523 22
524 1
525 46
526 38
527 22
528 38
529 17
530 23
531 54
532 4
533 5
534 42
535 16
536 43
537 58
538 34
539 21
540 20
541 33
542 59
543 43
544 24
545 3
546 33
547 20
548 30
549 33
550 2
551 41
552 53
553 14
554 51
555 29
556 48
557 32
558 15
559 22
560 3
561 18
562 0
563 48
564 21
565 56
566 3
567 18
568 56
569 24
570 35
571 25
572 22
573 51
574 14
575 39
576 53
577 34
578 28
579 37
580 45
581 19
582 31
583 26
584 19
585 25
586 32
587 40
588 22
589 3
590 6
591 36
592 46
593 20
594 51
595 42
596 56
597 5
598 5
599 31
600 45
601 12
602 12
603 48
604 0
605 54
606 19
607 56
608 47
609 11
610 53
611 33
612 46
613 13
614 2
615 16
616 38
617 35
618 55
619 27
620 37
621 29
622 41
623 53
624 43
625 42