25
625
3 47
4 1
5 58
6 4
7 26
8 8
9 38
10 58
11 40
12 48
13 17
14 57
15 35
16 18
17 12
18 33
19 41
20 38
21 31
22 31
23 13
24 48
25 58
26 5
27 18
28 51
29 27
30 3
31 53
32 29
33 41
34 5
35 18
36 7
37 6
38 39
39 13
40 40
41 24
42 8
43 33
44 40
45 50
46 11
47 2
48 24
49 21
50 30
51 33
52 24
53 23
54 40
55 20
56 22
57 45
58 17
59 17
60 6
61 32
62 58
63 51
64 43
65 2
66 30
67 8
68 54
69 27
70 13
71 55
72 5
73 40
74 14
75 23
76 51
77 20
78 12
79 25
80 30
81 12
82 7
83 2
84 50
85 13
86 10
87 52
88 50
89 58
90 7
91 50
92 13
93 1
94 14
95 1
96 4
97 12
98 38
99 26
100 39
101 36
102 40
103 26
104 13
105 36
106 29
107 45
108 4
109 4
110 40
111 10
112 26
113 26
114 7
115 33
116 27
117 26
118 44
119 58
120 20
121 10
122 40
123 26
124 2
125 29
126 59
127 9
128 40
129 58
130 9
131 31
132 37
133 18
134 29
135 37
136 54
137 5
138 37
139 3
140 32
141 34
142 15
143 43
144 3
145 21
146 7
147 48
148 28
149 2
150 14
151 58
152 5
153 30
154 47
155 52
156 50
157 5
158 24
159 24
160 39
161 47
162 12
163 7
164 29
165 24
166 36
167 35
168 3
169 0
170 41
171 21
172 3
173 37
174 41
175 32
176 21
177 54
178 9
179 14
180 16
181 24
182 15
183 56
184 39
185 24
186 44
187 4
188 40
189 4
190 15
191 1
192 33
193 29
194 54
195 18
196 51
197 27
198 45
199 13
200 32
201 15
202 1
203 36
204 20
205 57
206 37
207 7
208 57
209 21
210 49
211 48
212 16
213 37
214 37
215 7
216 56
217 18
218 36
219 38
220 22
221 35
222 51
223 58
224 42
225 43
226 44
227 13
228 42
229 2
230 16
231 23
232 17
233 8
234 33
235 31
236 4
237 15
238 21
239 14
240 41
241 23
242 45
243 52
244 56
245 48
246 2
247 48
248 39
249 34
250 42
251 51
252 49
253 14
254 3
255 53
256 19
257 5
258 53
259 6
260 43
261 42
262 9
263 24
264 47
265 53
266 34
267 10
268 55
269 59
270 43
271 22
272 39
273 22
274 20
275 9
276 7
277 13
278 31
279 23
280 4
281 50
282 51
283 14
284 20
285 44
286 21
287 39
288 39
289 7
290 33
291 28
292 50
293 34
294 36
295 1
296 48
297 12
298 20
299 50
300 56
301 8
302 25
303 47
304 41
305 32
306 27
307 27
308 42
309 22
310 5
311 16
312 51
313 0
314 58
315 59
316 32
317 53
318 7
319 8
320 33
321 5
322 45
323 4
324 34
325 55
326 49
327 55
328 2
329 51
330 29
331 30
332 40
333 27
334 45
335 9
336 1
337 55
338 8
339 35
340 9
341 32
342 18
343 26
344 8
345 22
346 4
347 27
348 1
349 46
350 10
351 51
352 31
353 31
354 48
355 36
356 45
357 1
358 51
359 59
360 8
361 12
362 36
363 2
364 38
365 35
366 44
367 43
368 6
369 16
370 39
371 31
372 51
373 25
374 59
375 23
376 36
377 54
378 12
379 56
380 58
381 19
382 22
383 38
384 41
385 33
386 59
387 11
388 40
389 55
390 36
391 8
392 46
393 25
394 18
395 54
396 28
397 49
398 6
399 35
400 1
401 32
402 31
403 14
404 49
405 25
406 36
407 53
408 13
409 54
410 6
411 24
412 24
413 43
414 59
415 15
416 25
417 59
418 45
419 49
420 18
421 21
422 26
423 13
424 44
425 56
426 37
427 7
428 20
429 44
430 23
431 43
432 52
433 17
434 20
435 37
436 35
437 16
438 33
439 32
440 41
441 36
442 47
443 39
444 19
445 6
446 53
447 27
448 40
449 5
450 50
451 30
452 17
453 40
454 10
455 5
456 39
457 48
458 53
459 24
460 30
461 17
462 7
463 56
464 12
465 21
466 2
467 46
468 0
469 16
470 49
471 46
472 43
473 18
474 58
475 35
476 39
477 41
478 56
479 57
480 23
481 47
482 15
483 15
484 21
485 56
486 0
487 33
488 17
489 20
490 37
491 29
492 43
493 19
494 30
495 37
496 10
497 27
498 7
499 36
500 53
501 32
502 34
503 13
504 3
505 47
506 59
507 2
508 19
509 32
510 4
511 7
512 45
513 5
514 43
515 11
516 8
517 12
518 24
519 57
520 40
521 46
522 37
523 51
524 15
525 39
526 32
527 43
528 5
529 14
530 16
531 35
532 42
533 2
534 38
535 7
536 30
537 39
538 59
539 12
540 11
541 6
542 12
543 31
544 46
545 35
546 55
547 23
548 52
549 5
550 2
551 56
552 11
553 1
554 45
555 13
556 22
557 53
558 16
559 11
560 41
561 0
562 39
563 27
564 10
565 26
566 51
567 6
568 46
569 21
570 46
571 51
572 21
573 28
574 14
575 34
576 30
577 25
578 22
579 17
580 5
581 58
582 38
583 4
584 10
585 9
586 50
587 23
588 43
589 28
590 32
591 59
592 34
593 4
594 15
595 1
596 42
597 41
598 11
599 18
600 21
601 11
602 42
603 21
604 7
605 33
606 40
607 4
608 45
609 43
610 53
611 35
612 4
613 44
614 4
615 3
616 9
617 18
618 52
619 37
620 15
621 36
622 30
623 3
624 44
625 45