25
625
3 59
4 55
5 0
6 52
7 46
8 54
9 22
10 33
11 21
12 40
13 8
14 29
15 33
16 14
17 11
18 4
19 0
20 8
21 25
22 29
23 15
24 31
25 7
26 49
27 11
28 5
29 31
30 11
31 45
32 4
33 20
34 34
35 43
36 19
37 8
38 51
39 49
40 13
41 28
42 5
43 55
44 32
45 54
46 55
47 40
48 25
49 35
50 5
51 40
52 44
53 5
54 23
55 3
56 34
57 12
58 8
59 45
60 7
61 18
62 34
63 6
64 18
65 9
66 52
67 23
68 55
69 40
70 29
71 15
72 13
73 6
74 11
75 49
76 37
77 14
78 13
79 31
80 59
81 37
82 37
83 44
84 16
85 15
86 35
87 20
88 37
89 8
90 2
91 8
92 8
93 20
94 8
95 1
96 53
97 53
98 55
99 21
100 18
101 52
102 31
103 57
104 19
105 28
106 43
107 42
108 14
109 59
110 39
111 39
112 20
113 37
114 0
115 25
116 22
117 50
118 43
119 54
120 47
121 15
122 33
123 49
124 34
125 16
126 49
127 35
128 8
129 13
130 42
131 42
132 12
133 41
134 4
135 9
136 19
137 52
138 37
139 48
140 15
141 21
142 39
143 15
144 35
145 38
146 1
147 35
148 54
149 48
150 6
151 34
152 41
153 16
154 59
155 0
156 11
157 28
158 11
159 50
160 52
161 12
162 31
163 22
164 41
165 37
166 4
167 9
168 12
169 15
170 25
171 45
172 52
173 31
174 18
175 0
176 25
177 32
178 41
179 30
180 2
181 0
182 25
183 31
184 23
185 11
186 17
187 48
188 49
189 11
190 37
191 48
192 13
193 39
194 0
195 48
196 22
197 21
198 40
199 37
200 55
201 52
202 35
203 46
204 1
205 31
206 2
207 12
208 33
209 28
210 9
211 50
212 7
213 25
214 22
215 38
216 32
217 13
218 4
219 59
220 30
221 5
222 20
223 33
224 42
225 29
226 46
227 6
228 57
229 45
230 19
231 11
232 40
233 4
234 26
235 15
236 47
237 4
238 54
239 21
240 56
241 50
242 23
243 46
244 6
245 21
246 25
247 13
248 57
249 18
250 10
251 55
252 9
253 46
254 26
255 35
256 48
257 43
258 53
259 38
260 56
261 2
262 26
263 53
264 22
265 38
266 12
267 27
268 4
269 10
270 27
271 59
272 42
273 53
274 40
275 55
276 50
277 47
278 57
279 46
280 29
281 49
282 52
283 5
284 14
285 2
286 19
287 56
288 6
289 52
290 46
291 41
292 42
293 30
294 36
295 42
296 18
297 36
298 35
299 3
300 10
301 5
302 8
303 12
304 7
305 2
306 4
307 41
308 55
309 39
310 34
311 29
312 26
313 10
314 25
315 56
316 50
317 13
318 53
319 11
320 34
321 41
322 7
323 23
324 47
325 6
326 30
327 38
328 55
329 26
330 49
331 43
332 12
333 45
334 17
335 54
336 30
337 28
338 23
339 59
340 45
341 41
342 37
343 40
344 2
345 31
346 47
347 10
348 19
349 19
350 11
351 5
352 2
353 26
354 56
355 7
356 39
357 35
358 11
359 30
360 55
361 37
362 52
363 19
364 26
365 2
366 55
367 0
368 4
369 51
370 33
371 31
372 24
373 33
374 25
375 5
376 45
377 33
378 9
379 21
380 11
381 48
382 10
383 52
384 30
385 45
386 59
387 39
388 54
389 39
390 27
391 37
392 36
393 44
394 25
395 35
396 12
397 0
398 22
399 54
400 24
401 33
402 18
403 51
404 53
405 54
406 43
407 23
408 32
409 43
410 59
411 10
412 45
413 0
414 48
415 34
416 24
417 41
418 3
419 13
420 9
421 19
422 31
423 51
424 26
425 0
426 8
427 54
428 23
429 15
430 40
431 13
432 7
433 55
434 21
435 0
436 34
437 50
438 25
439 38
440 43
441 42
442 40
443 49
444 33
445 11
446 37
447 23
448 45
449 20
450 28
451 9
452 55
453 36
454 50
455 45
456 26
457 17
458 41
459 45
460 21
461 11
462 39
463 12
464 49
465 32
466 16
467 6
468 9
469 24
470 6
471 27
472 46
473 29
474 46
475 29
476 31
477 1
478 23
479 5
480 48
481 34
482 37
483 1
484 27
485 28
486 8
487 45
488 8
489 38
490 0
491 4
492 4
493 4
494 31
495 39
496 13
497 9
498 33
499 28
500 25
501 24
502 32
503 49
504 36
505 53
506 43
507 32
508 27
509 18
510 25
511 58
512 3
513 37
514 8
515 23
516 11
517 45
518 54
519 53
520 12
521 39
522 1
523 23
524 39
525 23
526 47
527 39
528 12
529 57
530 50
531 19
532 18
533 46
534 35
535 20
536 58
537 5
538 4
539 0
540 10
541 10
542 24
543 57
544 55
545 46
546 47
547 53
548 38
549 18
550 36
551 21
552 1
553 42
554 35
555 58
556 30
557 26
558 59
559 6
560 46
561 22
562 29
563 52
564 48
565 35
566 51
567 32
568 35
569 35
570 53
571 26
572 54
573 25
574 2
575 39
576 12
577 39
578 3
579 41
580 1
581 6
582 44
583 7
584 32
585 4
586 12
587 32
588 29
589 18
590 20
591 47
592 10
593 44
594 31
595 36
596 11
597 21
598 37
599 18
600 12
601 15
602 58
603 53
604 5
605 16
606 47
607 26
608 33
609 20
610 16
611 11
612 46
613 7
614 48
615 5
616 40
617 59
618 2
619 14
620 36
621 51
622 25
623 59
624 57
625 48